# relative_time, cycles_done, cur_item, corpus_count, pending_total, pending_favs, map_size, saved_crashes, saved_hangs, max_depth, execs_per_sec, total_execs, edges_found, total_crashes, servers_count
64, 0, 18, 112, 106, 4, 56.25%, 0, 0, 2, 835.64, 52453, 9, 0, 0
69, 0, 65, 112, 84, 0, 56.25%, 0, 0, 2, 852.35, 56687, 9, 0, 0
74, 0, 65, 112, 67, 0, 56.25%, 0, 0, 2, 847.01, 60929, 9, 0, 0
79, 1, 65, 113, 54, 0, 56.25%, 0, 0, 2, 908.14, 65578, 9, 0, 0
84, 1, 11, 113, 35, 0, 56.25%, 0, 0, 2, 910.05, 70308, 9, 0, 0
89, 1, 91, 113, 20, 0, 56.25%, 0, 0, 2, 821.15, 74316, 9, 0, 0
94, 2, 105, 113, 10, 0, 56.25%, 0, 0, 2, 796.87, 78473, 9, 0, 0
100, 2, 44, 113, 7, 0, 56.25%, 0, 0, 2, 752.03, 79618, 9, 0, 0
105, 2, 68, 113, 5, 0, 56.25%, 0, 0, 2, 752.27, 83457, 9, 0, 0
110, 2, 107, 113, 2, 0, 56.25%, 0, 0, 2, 828.20, 87739, 9, 0, 0
115, 3, 11, 113, 1, 0, 56.25%, 0, 0, 2, 886.81, 92299, 9, 0, 0
120, 3, 83, 113, 1, 0, 56.25%, 0, 0, 2, 867.69, 96565, 9, 0, 0
125, 3, 77, 113, 0, 0, 56.25%, 0, 0, 2, 881.90, 101024, 9, 0, 0
130, 4, 49, 113, 0, 0, 56.25%, 0, 0, 2, 892.27, 105690, 9, 0, 0
135, 4, 65, 113, 0, 0, 56.25%, 0, 0, 2, 909.86, 110310, 9, 0, 0
140, 5, 18, 114, 1, 0, 56.25%, 0, 0, 2, 904.45, 114853, 9, 0, 0
145, 5, 65, 114, 1, 0, 56.25%, 0, 0, 2, 20.14, 116674, 9, 0, 0
151, 5, 113, 114, 0, 0, 56.25%, 0, 0, 2, 826.81, 120994, 9, 0, 0
156, 5, 20, 114, 0, 0, 56.25%, 0, 0, 2, 855.16, 125301, 9, 0, 0
161, 6, 68, 114, 0, 0, 56.25%, 0, 0, 2, 869.94, 129736, 9, 0, 0
166, 6, 18, 114, 0, 0, 56.25%, 0, 0, 2, 854.64, 134187, 9, 0, 0
171, 7, 85, 114, 0, 0, 56.25%, 0, 0, 2, 829.96, 138334, 9, 0, 0
176, 7, 60, 114, 0, 0, 56.25%, 0, 0, 2, 862.11, 142694, 9, 0, 0
181, 7, 76, 114, 0, 0, 56.25%, 0, 0, 2, 864.03, 147137, 9, 0, 0
186, 8, 110, 114, 0, 0, 56.25%, 0, 0, 2, 870.59, 151661, 9, 0, 0
191, 8, 75, 114, 0, 0, 56.25%, 0, 0, 2, 877.80, 156087, 9, 0, 0
196, 8, 11, 114, 0, 0, 56.25%, 0, 0, 2, 676.12, 157804, 9, 0, 0
201, 9, 68, 114, 0, 0, 56.25%, 0, 0, 2, 761.90, 161867, 9, 0, 0
207, 9, 112, 114, 0, 0, 56.25%, 0, 0, 2, 781.69, 165882, 9, 0, 0
212, 9, 94, 114, 0, 0, 56.25%, 0, 0, 2, 778.86, 169797, 9, 0, 0
217, 10, 65, 114, 0, 0, 56.25%, 0, 0, 2, 788.39, 173887, 9, 0, 0
222, 10, 11, 114, 0, 0, 56.25%, 0, 0, 2, 783.99, 177872, 9, 0, 0
227, 10, 101, 114, 0, 0, 56.25%, 0, 0, 2, 771.58, 181742, 9, 0, 0
232, 11, 20, 114, 0, 0, 56.25%, 0, 0, 2, 785.23, 185687, 9, 0, 0
237, 11, 65, 114, 0, 0, 56.25%, 0, 0, 2, 792.06, 189677, 9, 0, 0
242, 11, 101, 114, 0, 0, 56.25%, 0, 0, 2, 790.20, 193662, 9, 0, 0
247, 12, 8, 114, 0, 0, 56.25%, 0, 0, 2, 784.25, 197592, 9, 0, 0
252, 12, 99, 114, 0, 0, 56.25%, 0, 0, 2, 777.77, 201512, 9, 0, 0
257, 12, 60, 114, 0, 0, 56.25%, 0, 0, 2, 845.94, 205784, 9, 0, 0
262, 13, 25, 114, 0, 0, 56.25%, 0, 0, 2, 835.37, 210032, 9, 0, 0
267, 13, 11, 114, 0, 0, 56.25%, 0, 0, 2, 851.02, 214537, 9, 0, 0
272, 13, 28, 114, 0, 0, 56.25%, 0, 0, 2, 714.54, 218069, 9, 0, 0
275, 14, 47, 114, 0, 0, 56.25%, 0, 0, 2, 792.28, 220612, 9, 0, 0
